      Assignment         w1         w2   Data Height       S/N  

           Q3_N-H    123.152      8.665       124947          9 
           T4_N-H    116.508      8.339       734766         54 
           V5_N-H    122.720      8.213      2525936        186 
           D6_N-H    124.826      8.457      1764973        130 
           I7_N-H    121.281      8.091      3343446        246 
           H8_N-H    122.437      8.382      1288471         95 
           K9_N-H    122.164      8.041      1168725         86 
          E10_N-H    121.661      8.424      2330349        171 
          K11_N-H    122.493      8.358      1863492        137 
          V12_N-H    121.309      8.060      2511999        185 
          A13_N-H    127.982      8.379      2331852        171 
          R14_N-H    120.841      8.299      1774188        130 
          R15_N-H    122.858      8.391      1091145         80 
          E16_N-H    122.624      8.536      1570219        115 
          I17_N-H    121.886      8.216      2679414        197 
          G18_N-H    112.538      8.465      1517338        112 
          I19_N-H    120.131      7.989      2604694        192 
          L20_N-H    126.115      8.407      2390514        176 
          T21_N-H    115.417      8.220       907451         67 
          T22_N-H    115.830      8.144       472395         35 
          N23_N-H    121.370      8.463        86367          6 
          K24_N-H    121.960      8.402       173590         13 
          N25_N-H    119.586      8.517       148549         11 
          T26_N-H    114.382      8.148       155776         11 
          S27_N-H    118.227      8.347       115089          8 
          R28_N-H    122.884      8.408       331294         24 
          T29_N-H    114.716      8.135       329313         24 
          H30_N-H    122.346      8.276       169162         12 
          K31_N-H    123.342      8.244       527818         39 
          I32_N-H    123.589      8.292      2045782        150 
          I33_N-H    127.017      8.357      2077909        153 
          A34_N-H    130.544      8.441      2337115        172 
          A36_N-H    123.943      8.432      2082715        153 
          N37_N-H    117.196      8.405       760756         56 
          M38_N-H    120.702      8.275      1185718         87 
          E39_N-H    122.229      8.402      1959823        144 
          R40_N-H    123.275      8.361      1695584        125 
          V42_N-H    120.989      8.262      2287686        168 
          R43_N-H    124.500      8.306      1110170         82 
          Y44_N-H    122.302      8.243      1092795         80 
          I45_N-H    124.465      8.114      1628693        120 
          R46_N-H    125.978      8.340      1155154         85 
          K47_N-H    125.086      8.424      1497281        110 
          I49_N-H    120.633      8.138      1757555        129 
          D50_N-H    123.713      8.212      1703796        125 
          Y51_N-H    121.520      8.156      1794339        132 
          T52_N-H    115.952      8.265      1632239        120 
          V53_N-H    121.955      7.915      1777276        131 
          L54_N-H    125.532      8.182      2400107        176 
          D55_N-H    120.963      8.228      2647186        195 
          D56_N-H    120.605      8.253      2796850        206 
          V57_N-H    119.565      8.053      2729720        201 
          G58_N-H    110.881      8.338      1701655        125 
          H59_N-H    118.985      8.154       450842         33 
          G60_N-H    109.703      8.446       384011         28 
          V61_N-H    119.333      8.036      2265792        167 
          K62_N-H    123.721      8.326      1524803        112 
          W63_N-H    121.318      7.988      1795250        132 
          L64_N-H    123.310      8.027      1746775        128 
          K65_N-H    121.643      8.082      1632606        120 
          A66_N-H    124.422      8.118      1921093        141 
          K67_N-H    120.246      8.173       917067         67 
          H68_N-H    119.912      8.182       270671         20 
          G69_N-H    109.967      8.310       121120          9 
          N70_N-H    118.751      8.492        79438          6 
          N71_N-H    118.909      8.481       213831         16 
          Q72_N-H    121.201      8.272      1275320         94 
          A74_N-H    124.504      8.447      2644982        194 
          R75_N-H    120.865      8.419      1383039        102 
          T76_N-H    115.189      8.249       780646         57 
          G77_N-H    117.339      8.050      4944372        364 
