      Assignment         w1         w2   Data Height       S/N  

           Q3_N-H    123.176      8.666       166337         15 
           T4_N-H    116.497      8.338       799315         72 
           V5_N-H    122.709      8.212      2762390        249 
           D6_N-H    124.812      8.456      1983708        179 
           I7_N-H    121.278      8.089      3346168        301 
           H8_N-H    122.419      8.387      1406990        127 
           K9_N-H    122.179      8.046      1162602        105 
          E10_N-H    121.697      8.426      2421879        218 
          K11_N-H    122.519      8.360      2002352        180 
          V12_N-H    121.348      8.068      2591959        234 
          A13_N-H    127.985      8.380      2264210        204 
          R14_N-H    120.841      8.302      1738927        157 
          R15_N-H    122.814      8.391      1075406         97 
          E16_N-H    122.611      8.533      1730309        156 
          I17_N-H    121.874      8.214      2835496        255 
          G18_N-H    112.531      8.465      1537336        138 
          I19_N-H    120.120      7.987      2806932        253 
          L20_N-H    126.084      8.405      2362278        213 
          T21_N-H    115.402      8.219      1001542         90 
          T22_N-H    115.823      8.144       554797         50 
          N23_N-H    121.343      8.475       117334         11 
          K24_N-H    121.960      8.402       237359         21 
          N25_N-H    119.613      8.535       169429         15 
          T26_N-H    114.411      8.150       211483         19 
          S27_N-H    118.216      8.348       141855         13 
          R28_N-H    122.884      8.408       214100         19 
          T29_N-H    114.720      8.134       371397         33 
          H30_N-H    122.346      8.276       172409         16 
          K31_N-H    123.336      8.254       561553         51 
          I32_N-H    123.559      8.294      1769492        159 
          I33_N-H    126.984      8.355      1955528        176 
          A34_N-H    130.522      8.441      2524844        227 
          A36_N-H    123.916      8.432      2149992        194 
          N37_N-H    117.160      8.404       749628         68 
          M38_N-H    120.641      8.270      1346125        121 
          E39_N-H    122.186      8.401      1935291        174 
          R40_N-H    123.244      8.352      1740704        157 
          V42_N-H    120.961      8.259      2099292        189 
          R43_N-H    124.501      8.308      1103415         99 
          Y44_N-H    122.258      8.242      1043492         94 
          I45_N-H    124.433      8.109      2153003        194 
          R46_N-H    125.980      8.346      1137194        102 
          K47_N-H    125.047      8.424      1464757        132 
          I49_N-H    120.684      8.143      1687026        152 
          D50_N-H    123.712      8.213      1628735        147 
          Y51_N-H    121.538      8.157      1869756        168 
          T52_N-H    115.904      8.267      1640263        148 
          V53_N-H    121.894      7.906      1697980        153 
          L54_N-H    125.495      8.176      2210471        199 
          D55_N-H    120.945      8.227      2732984        246 
          D56_N-H    120.573      8.251      2747169        247 
          V57_N-H    119.536      8.051      2909636        262 
          G58_N-H    110.867      8.337      1607811        145 
          H59_N-H    118.943      8.160       523148         47 
          G60_N-H    109.700      8.447       406781         37 
          V61_N-H    119.331      8.038      2160566        195 
          K62_N-H    123.728      8.328      1575076        142 
          W63_N-H    121.321      7.987      1772891        160 
          L64_N-H    123.291      8.026      1749632        158 
          K65_N-H    121.641      8.086      1643275        148 
          A66_N-H    124.422      8.118      2350700        212 
          K67_N-H    120.238      8.173       969524         87 
          H68_N-H    119.868      8.191       278410         25 
          G69_N-H    109.949      8.316       147924         13 
          N70_N-H    118.751      8.492        84729          8 
          N71_N-H    118.982      8.478       256342         23 
          Q72_N-H    121.199      8.271      1413671        127 
          A74_N-H    124.499      8.447      2710114        244 
          R75_N-H    120.867      8.421      1452008        131 
          T76_N-H    115.182      8.248       878074         79 
          G77_N-H    117.337      8.050      5002474        451 
