      Assignment         w1         w2   Data Height       S/N  

           Q3_N-H    123.137      8.660       187655         17 
           T4_N-H    116.468      8.338       825708         76 
           V5_N-H    122.693      8.210      2500538        232 
           D6_N-H    124.793      8.455      1934344        179 
           I7_N-H    121.264      8.089      3069598        284 
           H8_N-H    122.414      8.393      1379786        128 
           K9_N-H    122.207      8.054      1126802        104 
          E10_N-H    121.747      8.429      2151148        199 
          K11_N-H    122.551      8.363      2044374        189 
          V12_N-H    121.400      8.078      2347851        217 
          A13_N-H    127.985      8.383      2217889        205 
          R14_N-H    120.836      8.306      1683691        156 
          R15_N-H    122.744      8.392      1128152        104 
          E16_N-H    122.587      8.528      1553527        144 
          I17_N-H    121.853      8.211      2357732        218 
          G18_N-H    112.521      8.467      1477291        137 
          I19_N-H    120.103      7.984      2443904        226 
          L20_N-H    126.047      8.404      2167057        201 
          T21_N-H    115.385      8.219      1085246        100 
          T22_N-H    115.809      8.145       566700         52 
          N23_N-H    121.329      8.465       156313         14 
          K24_N-H    121.960      8.402       355690         33 
          N25_N-H    119.593      8.533       172337         16 
          T26_N-H    114.377      8.151       233704         22 
          S27_N-H    118.175      8.355       163092         15 
          R28_N-H    122.884      8.408       142921         13 
          T29_N-H    114.720      8.140       418605         39 
          H30_N-H    122.346      8.276       105196         10 
          K31_N-H    123.312      8.267       538145         50 
          I32_N-H    123.516      8.298      1631649        151 
          I33_N-H    126.930      8.352      1686754        156 
          A34_N-H    130.492      8.442      2129212        197 
          A36_N-H    123.872      8.433      2116641        196 
          N37_N-H    117.098      8.401       825316         76 
          M38_N-H    120.666      8.284       135600         13 
          E39_N-H    122.124      8.400      1980627        183 
          R40_N-H    123.200      8.341      1621407        150 
          V42_N-H    120.931      8.255      1834482        170 
          R43_N-H    124.502      8.312       986915         91 
          Y44_N-H    122.190      8.238       887529         82 
          I45_N-H    124.390      8.102      1171573        108 
          R46_N-H    125.985      8.353      1105576        102 
          K47_N-H    124.995      8.425      1332654        123 
          I49_N-H    120.752      8.150      1581033        146 
          D50_N-H    123.712      8.213      1514283        140 
          Y51_N-H    121.570      8.160      1668944        155 
          T52_N-H    115.835      8.272      1414311        131 
          V53_N-H    121.812      7.894      1503980        139 
          L54_N-H    125.448      8.169      1950931        181 
          D55_N-H    120.912      8.226      2438253        226 
          D56_N-H    120.543      8.251      2860364        265 
          V57_N-H    119.496      8.049      2640681        245 
          G58_N-H    110.851      8.337      1658291        154 
          H59_N-H    118.910      8.163       498979         46 
          G60_N-H    109.704      8.451       389248         36 
          V61_N-H    119.327      8.040      2081119        193 
          K62_N-H    123.736      8.330      1573135        146 
          W63_N-H    121.318      7.986      1598680        148 
          L64_N-H    123.258      8.025      1460220        135 
          K65_N-H    121.641      8.091      1516569        140 
          A66_N-H    124.406      8.119      2230644        207 
          K67_N-H    120.225      8.176      1029503         95 
          H68_N-H    119.828      8.202       271474         25 
          G69_N-H    109.961      8.308       144984         13 
          N70_N-H    118.751      8.492        78586          7 
          N71_N-H    118.942      8.479       276437         26 
          Q72_N-H    121.197      8.271      1442178        134 
          A74_N-H    124.492      8.448      2657512        246 
          R75_N-H    120.867      8.423      1419680        131 
          T76_N-H    115.170      8.247       860988         80 
          G77_N-H    117.335      8.050      4938419        457 
