      Assignment         w1         w2   Data Height       S/N  

           Q3_N-H    123.167      8.666       184403         12 
           T4_N-H    116.434      8.337       876587         58 
           V5_N-H    122.662      8.208      2807752        185 
           D6_N-H    124.760      8.455      2164961        142 
           I7_N-H    121.247      8.087      3304947        217 
           H8_N-H    122.412      8.399      1445302         95 
           K9_N-H    122.228      8.061      1158758         76 
          E10_N-H    121.804      8.433      2242101        148 
          K11_N-H    122.579      8.367      1951342        128 
          V12_N-H    121.471      8.090      2477302        163 
          A13_N-H    127.982      8.386      2393568        157 
          R14_N-H    120.821      8.312      1628037        107 
          R15_N-H    122.648      8.392      1284141         84 
          E16_N-H    122.556      8.524      1724892        113 
          I17_N-H    121.826      8.208      2663515        175 
          G18_N-H    112.508      8.469      1642279        108 
          I19_N-H    120.075      7.981      2676100        176 
          L20_N-H    125.999      8.403      2230301        147 
          T21_N-H    115.363      8.219      1129667         74 
          T22_N-H    115.797      8.146       611302         40 
          N23_N-H    121.292      8.475       181392         12 
          K24_N-H    121.960      8.402       945215         62 
          N25_N-H    119.645      8.546       210216         14 
          T26_N-H    114.363      8.157       288063         19 
          S27_N-H    118.170      8.360       249402         16 
          R28_N-H    122.884      8.408       113941          7 
          T29_N-H    114.723      8.144       514354         34 
          H30_N-H    122.346      8.276        26803          2 
          K31_N-H    123.292      8.285       631821         42 
          I32_N-H    123.457      8.302      1574490        104 
          I33_N-H    126.861      8.350      1734654        114 
          A34_N-H    130.457      8.444      2059002        135 
          A36_N-H    123.819      8.434      2003512        132 
          N37_N-H    117.033      8.401       874423         58 
          M38_N-H    120.680      8.283        68874          5 
          E39_N-H    122.052      8.399      1916533        126 
          R40_N-H    123.151      8.329      1609639        106 
          V42_N-H    120.882      8.251      1804165        119 
          R43_N-H    124.497      8.317       956737         63 
          Y44_N-H    122.106      8.236       847833         56 
          I45_N-H    124.319      8.108      1000153         66 
          R46_N-H    125.983      8.363      1017138         67 
          K47_N-H    124.925      8.426      1138273         75 
          I49_N-H    120.832      8.159      1382500         91 
          D50_N-H    123.708      8.215      1397976         92 
          Y51_N-H    121.602      8.162      1491022         98 
          T52_N-H    115.755      8.277      1309126         86 
          V53_N-H    121.714      7.879      1328654         87 
          L54_N-H    125.397      8.161      1814636        119 
          D55_N-H    120.882      8.227      2376406        156 
          D56_N-H    120.483      8.247      3123159        205 
          V57_N-H    119.445      8.046      2512200        165 
          G58_N-H    110.842      8.337      1700661        112 
          H59_N-H    118.880      8.169       513946         34 
          G60_N-H    109.706      8.455       422614         28 
          V61_N-H    119.335      8.042      2112194        139 
          K62_N-H    123.751      8.331      1452105         96 
          W63_N-H    121.308      7.984      1487832         98 
          L64_N-H    123.226      8.024      1274798         84 
          K65_N-H    121.639      8.099      1530540        101 
          A66_N-H    124.411      8.124      1639022        108 
          K67_N-H    120.214      8.179      1026640         68 
          H68_N-H    119.786      8.211       310064         20 
          G69_N-H    109.913      8.318       140512          9 
          N70_N-H    118.751      8.492       111331          7 
          N71_N-H    118.971      8.484       293657         19 
          Q72_N-H    121.196      8.272      1516535        100 
          A74_N-H    124.478      8.449      2943728        194 
          R75_N-H    120.861      8.426      1581801        104 
          T76_N-H    115.146      8.249       945561         62 
          G77_N-H    117.334      8.051      5004390        329 
