      Assignment         w1         w2   Data Height       S/N  

           Q3_N-H    123.145      8.670       203679         15 
           T4_N-H    116.409      8.337      1006929         76 
           V5_N-H    122.645      8.206      2821352        212 
           D6_N-H    124.740      8.453      2163832        163 
           I7_N-H    121.238      8.086      3244836        244 
           H8_N-H    122.412      8.404      1524934        115 
           K9_N-H    122.255      8.068      1231188         93 
          E10_N-H    121.855      8.436      2185545        164 
          K11_N-H    122.605      8.372      2285648        172 
          V12_N-H    121.527      8.099      2688714        202 
          A13_N-H    127.980      8.388      2359790        177 
          R14_N-H    120.813      8.315      1876237        141 
          R15_N-H    122.586      8.387      1661886        125 
          E16_N-H    122.526      8.519      1717931        129 
          I17_N-H    121.810      8.205      2449168        184 
          G18_N-H    112.501      8.470      1696232        128 
          I19_N-H    120.063      7.978      2691832        202 
          L20_N-H    125.966      8.402      2457652        185 
          T21_N-H    115.346      8.219      1262637         95 
          T22_N-H    115.791      8.148       725577         55 
          N23_N-H    121.295      8.477       228882         17 
          K24_N-H    121.960      8.402      1791086        135 
          N25_N-H    119.687      8.551       282150         21 
          T26_N-H    114.356      8.158       419375         32 
          S27_N-H    118.169      8.366       322050         24 
          R28_N-H    122.884      8.408        99698          7 
          T29_N-H    114.727      8.148       607071         46 
          H30_N-H    122.346      8.276        61132          5 
          K31_N-H    123.310      8.296       765309         58 
          I32_N-H    123.422      8.304      1543779        116 
          I33_N-H    126.818      8.348      1724180        130 
          A34_N-H    130.429      8.445      2020166        152 
          A36_N-H    123.786      8.434      2006791        151 
          N37_N-H    116.990      8.399       896059         67 
          M38_N-H    120.613      8.284        55880          4 
          E39_N-H    122.008      8.398      1975691        149 
          R40_N-H    123.120      8.318      1501552        113 
          V42_N-H    120.864      8.248      1896477        143 
          R43_N-H    124.497      8.320       937438         70 
          Y44_N-H    122.038      8.231       898602         68 
          I45_N-H    124.261      8.099       822284         62 
          R46_N-H    125.982      8.370      1019898         77 
          K47_N-H    124.872      8.425      1105967         83 
          I49_N-H    120.894      8.164      1402755        105 
          D50_N-H    123.713      8.215      1425956        107 
          Y51_N-H    121.637      8.164      1598966        120 
          T52_N-H    115.701      8.279      1210832         91 
          V53_N-H    121.645      7.867      1415081        106 
          L54_N-H    125.362      8.154      1649612        124 
          D55_N-H    120.856      8.228      2704587        203 
          D56_N-H    120.449      8.245      3441556        259 
          V57_N-H    119.408      8.045      2691594        202 
          G58_N-H    110.836      8.336      1643265        124 
          H59_N-H    118.849      8.173       587605         44 
          G60_N-H    109.712      8.459       491551         37 
          V61_N-H    119.335      8.042      2444140        184 
          K62_N-H    123.769      8.332      1454972        109 
          W63_N-H    121.300      7.980      1531663        115 
          L64_N-H    123.196      8.020      1286795         97 
          K65_N-H    121.624      8.104      1681530        126 
          A66_N-H    124.416      8.127      1630098        123 
          K67_N-H    120.202      8.181      1066910         80 
          H68_N-H    119.738      8.218       348507         26 
          G69_N-H    109.898      8.330       223257         17 
          N70_N-H    118.751      8.492       110847          8 
          N71_N-H    119.000      8.489       316426         24 
          Q72_N-H    121.194      8.272      1584450        119 
          A74_N-H    124.472      8.450      3131364        235 
          R75_N-H    120.862      8.428      1582894        119 
          T76_N-H    115.130      8.246      1044360         79 
          G77_N-H    117.333      8.052      5034460        379 
